0.0 0.0 0.0 0.0 0.0 0.0 
-0.0003002766039577054 0.0005237637030184317 9.57357215289889e-05 -0.0006695376605270198 -0.004601251389646066 0.002093301281640869 
-0.9654237089989723 0.0 0.0 0.0 0.0 0.0 
-0.30423899347383815 -0.14361515040872763 -0.059363096425935895 0.20297718623319091 0.3048455375220602 -0.00024533487866778593 
-0.06513805277576247 -0.03008272388346473 -0.012555407759397208 0.0425878673772071 0.06036578818389403 0.002041016833258461 
-0.9856242932176296 -0.4652611405944513 -0.19231496032100295 0.6575726649503109 0.9875892765421149 -0.0007947962673277932 
-0.4967655915884553 -0.2344967827406103 -0.09692887613726739 0.33142392711328045 0.497755965010018 -0.00040058614692059405 
-0.12997582894756723 -0.06068921146994789 -0.025206551240323404 0.08584527241494122 0.12533282775743412 0.0019887323848760525 
-0.9818698413579071 -0.4634888622865995 -0.19158239187134282 0.6550678312811182 0.9838273396443835 -0.0007917687198692719 
-0.6113015613912032 -0.28856316109209407 -0.11927712854897965 0.407838158594922 0.6125202786880791 -0.0004929466557883386 
-0.194813605119372 -0.09129569905643106 -0.0378576947212496 0.12910267745267534 0.19029986733097423 0.0019364479364936441 
-0.924237985768386 -0.436283908988807 -0.18033726723592924 0.6166179542571725 0.9260805866888258 -0.0007452950442335202 
-0.7010348774671759 -0.3309215173888286 -0.13678588846832584 0.4677049619934837 0.7024324909935314 -0.0005653065855941474 
-0.25965138129117676 -0.12190218664291422 -0.0505088382021758 0.17236008249040946 0.2552669069045143 0.0018841634881112358 
-0.8706604496135032 -0.4109927856335949 -0.1698832211956408 0.5808729716372525 0.8723962360349176 -0.0007020907258725093 
-0.7761627677488343 -0.36638542403503094 -0.15144483847386053 0.5178275567433842 0.777710159494561 -0.000625888865453689 
-0.3244891574629815 -0.15250867422939737 -0.063159981683102 0.2156174875281436 0.3202339464780544 0.0018318790397288274 
-0.8298450022874938 -0.3917259699641284 -0.16191931325728895 0.5536423903153341 0.8314994172634792 -0.0006691776114056053 
-0.8444873814952856 -0.3986378633682507 -0.16477633351919962 0.5634112529368729 0.8461709881533146 -0.0006809850601659881 
-0.3893269336347863 -0.18311516181588056 -0.07581112516402819 0.2588748925658777 0.38520098605159453 0.0017795945913464191 
-0.8737127614936278 -0.4124336207637433 -0.17047878812936648 0.5829093630605281 0.8754546331363497 -0.000704552075603544 
-0.9050912082477567 -0.4272457271894575 -0.176601349011821 0.6038439209809127 0.906895637322388 -0.0007298552996883919 
-0.45416470980659107 -0.2137216494023637 -0.08846226864495439 0.3021322976036118 0.45016802562513464 0.001727310142964011 
-0.753406649189336 -0.3556434630775437 -0.1470046658158332 0.502645502457521 0.754908673350458 -0.0006075385891726215 
-0.9657197759587366 -0.45586526990966725 -0.18843119195896693 0.644293095292231 0.967645076774618 -0.0007787454900395308 
-0.5190024859783958 -0.24432813698884687 -0.10111341212588058 0.34538970264134594 0.5151350651986747 0.0016750256945816024 
-1.000247646182435 -0.47216405271475725 -0.19516826818337854 0.6673288339548279 1.002241783257425 -0.0008065883735412051 
-1.0248266482778965 -0.4837665006538965 -0.19996412178119077 0.6837270498073982 1.026869787117119 -0.0008264086024607213 
-0.5838402621502006 -0.27493462457533 -0.11376455560680677 0.3886471076790801 0.5801021047722148 0.0016227412461991943 
-0.8052337127610879 -0.38010828083516557 -0.1571171597376533 0.5372226334636544 0.8068390616032133 -0.0006493313462676587 
-1.0716382979787031 -0.5058638065774389 -0.20909800841194937 0.7149580791725424 1.0737747625523735 -0.0008641569866124511 
-0.6486780383220053 -0.3055411121618132 -0.12641569908773298 0.43190451271681424 0.6450691443457549 0.0015704567978167857 
-0.7045901084603071 -0.3325997540539797 -0.13747958495295898 0.47007688274944504 0.7059948098493163 -0.0005681734836019717 
-1.1208378122760114 -0.529088297183216 -0.2186978150573502 0.7477822049102767 1.1230723631345179 -0.0009038309177309535 
-0.7135158144938102 -0.3361475997482964 -0.1390668425686592 0.4751619177545484 0.7100361839192951 0.0015181723494343776 
-0.9631782728569631 -0.45466556060857494 -0.1879352940072358 0.6425974968992721 0.9650985068220375 -0.0007766960507222344 
-1.1661174191038985 -0.5504624066317942 -0.22753276956321805 0.7779911110163914 1.1684422413497573 -0.0009403438798611702 
-0.7783535906656149 -0.36675408733477954 -0.15171798604958536 0.5184193227922824 0.7750032234928351 0.0014658879010519693 
-0.6258730320353012 -0.29544158231067086 -0.12212031313568186 0.417559713602941 0.6271207996478975 -0.0005046969246860302 
-1.2014519430201656 -0.5671419680151442 -0.23442724001375337 0.801565019671299 1.2038472097048962 -0.0009688372397648436 
-0.8431913668374197 -0.3973605749212627 -0.16436912953051158 0.5616767278300167 0.8399702630663753 0.001413603452669561 
-0.6643768352232726 -0.3136171929482454 -0.12963317319121345 0.4432480500685894 0.6657013656871555 -0.0005357459555006249 
-1.2378571383456203 -0.5843269367879713 -0.24153061981340995 0.8258532413323595 1.2403249840061639 -0.0009981939769669586 
-0.9080291430092244 -0.42796706250774585 -0.17702027301143777 0.6049341328677507 0.9049373026399153 0.0013613190042871526 
-0.7052493981819891 -0.3329109698894686 -0.13760822552882496 0.4705167368625472 0.7066554139596141 -0.0005687051273668675 
-1.26895752919587 -0.599007787716151 -0.24759892644250883 0.8466022904711872 1.2714873779440263 -0.0010232729799200197 
-0.9728669191810292 -0.458573550094229 -0.18967141649236396 0.6481915379054849 0.9699043422134555 0.0013090345559047443 
-0.4941698546368193 -0.23327147250514732 -0.09642239607960937 0.3296921458690224 0.49515505308460706 -0.00039849297404090476 
-1.2944635755327076 -0.611047844249246 -0.2525756648640034 0.8636189965096578 1.2970442742407018 -0.0010438407668164115 
-1.037704695352834 -0.48918003768071217 -0.20232255997329016 0.6914489429432189 1.0348713817869954 0.001256750107522336 
-0.5142351323562042 -0.24274322970746512 -0.10033753201425494 0.34307896905696317 0.5152603338117111 -0.00041467338674376647 
-1.320482293400914 -0.6233299059186552 -0.25765243572776964 0.880977738339503 1.3231148641529402 -0.0010648219662294216 
-1.1025424715246388 -0.5197865252671954 -0.21497370345421637 0.7347063479809531 1.0998384213605357 0.0012044656591399276 
-0.5351151408126669 -0.25259957823389967 -0.10441163816751413 0.35700935094724173 0.5361819695582747 -0.00043151078908588975 
-1.3470239874982726 -0.6358588370276201 -0.2628312496858978 0.898685390880126 1.3497094729224144 -0.001086224887750633 
-1.1673802476964434 -0.5503930128536785 -0.22762484693514254 0.7779637530186873 1.1648054609340757 0.0011521812107575192 
-0.556842961341505 -0.26285613403457164 -0.10865116936781953 0.3715053622032056 0.5579531076121707 -0.00044903185748099394 
-1.360426879507933 -0.6421856340298752 -0.265446421270813 0.907627312743742 1.363139085518692 -0.0010970328280722943 
-1.2322180238682483 -0.5809995004401617 -0.24027599041606876 0.8212211580564214 1.2297725005076159 0.001099896762375111 
6.52251902448081e-14 3.261259512240405e-14 4.658942160343436e-15 2.3294710801717178e-14 -6.52251902448081e-14 -2.2748741017301932e-17 
-1.3470239874982743 -0.6358588370276211 -0.26283124968589805 0.8986853908801269 1.3497094729224162 -0.0010862248877506326 
-1.297055800040053 -0.6116059880266448 -0.25292713389699495 0.8644785630941555 1.2947395400811559 0.0010476123139927026 
0.5568429613413018 0.26285613403446784 0.10865116936780105 -0.37150536220321473 -0.5579531076119676 0.0004490318574810569 
-1.3204822934009157 -0.6233299059186561 -0.25765243572777013 0.8809777383395028 1.323114864152942 -0.0010648219662294212 
-1.361893576211858 -0.6422124756131281 -0.26557827737792117 0.9077359681318897 1.3597065796546963 0.0009953278656102942 
0.5351151408128657 0.2525995782340013 0.10441163816752087 -0.35700935094728237 -0.5361819695584735 0.0004315107890858278 
-1.294463575532705 -0.6110478442492446 -0.25257566486400335 0.8636189965096571 1.2970442742407005 -0.001043840766816412 
-1.4267313523836627 -0.6728189631996112 -0.2782294208588474 0.9509933731696238 1.4246736192282363 0.0009430434172278859 
0.5142351323561868 0.2427432297074564 0.10033753201427162 -0.34307896905693674 -0.5152603338116494 0.0004146733867437883 
-1.2627380668263672 -0.5960719082174096 -0.24638538527165899 0.842452891483138 1.2652555161846868 -0.0010182576759039923 
-1.4915691285554673 -0.7034254507860943 -0.29088056433977355 0.9942507782073579 1.4896406588017763 0.0008907589688454775 
0.7338853517981856 0.34642849023993305 0.14319567129428148 -0.4896216031512002 -0.7353484574545435 0.0005917968360456099 
-1.225601127074873 -0.5785415215722496 -0.23913922753803007 0.8176764765666933 1.2280445386199648 -0.000988310868284117 
-1.5564069047272722 -0.7340319383725775 -0.3035317078206997 1.0375081832450919 1.5546076983753163 0.0008384745204630694 
0.6913531988844474 0.32635130858688655 0.1348967998517708 -0.4612456983260155 -0.692731510596533 0.0005574993896350739 
-1.189556379227886 -0.5615267010050929 -0.23210617823143911 0.7936287323478225 1.1919279304008887 -0.0009592447918463812 
-1.621244680899077 -0.7646384259590607 -0.316182851301626 1.0807655882828262 1.6195747379488565 0.0007861900720806609 
0.6512859868868933 0.3074376952732792 0.1270788875514709 -0.43451431238969124 -0.6525844188679611 0.0005251896436630472 
-1.154571702083068 -0.5450122837938556 -0.22527996986457183 0.7702882287291004 1.1568735062868885 -0.0009310335444169984 
-1.6860824570708817 -0.7952449135455438 -0.32883399478255215 1.1240229933205603 1.6845417775223968 0.0007339056236982525 
0.6135408607344669 0.28962021596964255 0.11971406051922767 -0.4093321376363781 -0.6147640423957444 0.0004947524014176073 
-1.1151511101462135 -0.5264039056383474 -0.21758822603648809 0.7439882441688435 1.1173743237487956 -0.0008992452255384319 
-1.7509202332426865 -0.825851401132027 -0.3414851382634783 1.1672803983582944 1.7495088170959368 0.0006816211753158444 
0.762970123665516 0.36015787396763066 0.14887069045326043 -0.5090259046460452 -0.7644912139839393 0.0006152504666785416 
-1.0716382979787022 -0.5058638065774385 -0.20909800841194953 0.7149580791725418 1.0737747625523726 -0.000864156986612453 
-1.8157580094144912 -0.8564578887185101 -0.35413628174440454 1.2105378033960283 1.8144758566694767 0.0006293367269334361 
0.7045901084602632 0.33259975405395675 0.13747958495296447 -0.4700768827493405 -0.7059948098492723 0.0005681734836020685 
-1.024826648277896 -0.48376650065389626 -0.1999641217811906 0.6837270498073992 1.0268697871171186 -0.0008264086024607227 
-1.880595785586296 -0.8870643763049934 -0.36678742522533075 1.2537952084337627 1.879442896243017 0.0005770522785510275 
0.8052337127611155 0.38010828083517945 0.15711715973765805 -0.537222633463705 -0.806839061603241 0.0006493313462675849 
-0.9657197759587346 -0.45586526990966714 -0.18843119195896685 0.6442930952922303 0.967645076774618 -0.0007787454900395291 
-1.9454335617581007 -0.9176708638914765 -0.3794385687062569 1.2970526134714968 1.944409935816557 0.0005247678301686192 
1.000247646182456 0.4721640527147438 0.19516826818337102 -0.667328833954831 -1.002241783257385 0.0008065883735413661 
-0.9050912082477571 -0.42724572718945786 -0.176601349011821 0.6038439209809114 0.9068956373223874 -0.0007298552996883907 
-2.0102713379299053 -0.9482773514779597 -0.39208971218718314 1.340310018509231 2.009376975390097 0.00047248338178621104 
0.7534066491892467 0.35564346307754396 0.14700466581583757 -0.5026455024575339 -0.7549086733505112 0.0006075385891724573 
-0.8462647094078506 -0.39947684594761756 -0.16512312564814174 0.5645970214492742 0.8479518594238655 -0.0006824182772654921 
-2.07510911410171 -0.9788838390644428 -0.4047408556681093 1.3835674235469648 2.074344014963637 0.0004201989334038027 
0.8293698754533635 0.39150168769518184 0.16182660653436326 -0.5533254029797736 -0.8310233431957476 0.0006687944745075984 
-0.77947552882213 -0.367949203465068 -0.15209122424047358 0.5200377103914847 0.7810295250319639 -0.0006285602384644008 
-2.139946890273515 -1.009490326650926 -0.4173919991490355 1.4268248285846992 2.1393110545371776 0.00036791448502139414 
0.8391822722778765 0.39613360167094575 0.16374120088735875 -0.5598718771017632 -0.8408553024402864 0.0006767070801763353 
-0.69822932473881 -0.32959716421350527 -0.1362384691673333 0.4658331992975497 0.699621344993604 -0.0005630442196483779 
-2.20478466644532 -1.0400968142374092 -0.43004314262996174 1.4700822336224333 2.2042780941107174 0.000315630036638986 
0.9922526884391799 0.46839005568137587 0.19360829244846997 -0.6619948890575807 -0.9942308864197115 0.0008001413301642912 
-0.6040132226377026 -0.28512272154040397 -0.11785502827422908 0.40297564417621423 0.6052174095864407 -0.0004870694219618557 
-2.2696224426171248 -1.0707033018238923 -0.4426942861108879 1.5133396386601674 2.2692451336842576 0.0002633455882565777 
0.887612905231361 0.418995144028064 0.17319098344533243 -0.5921830331837948 -0.8893824888032955 0.0007157609940870813 
-0.4958114281874251 -0.23404637262457437 -0.09674269982457781 0.33078734401084453 0.4967998993474622 -0.0003998167203604151 
-2.334460218788929 -1.1013097894103754 -0.45534542959181407 1.5565970436979015 2.3342121732577974 0.00021106113987416934 
0.9079879182328376 0.4286131108882006 0.17716655491195446 -0.6057765004816442 -0.9097981223140874 0.000732191173813591 
-0.30753482850119984 -0.14517093994698643 -0.060006179583355405 0.20517604743932394 0.30814794326902945 -0.0002479926027067533 
-2.399297994960734 -1.1319162769968587 -0.46799657307274034 1.5998544487356356 2.3991792128313376 0.000158776691491761 
1.0039754921713968 0.47392377179709383 0.19589564529693568 -0.669815917155131 -1.005977061241766 0.0008095944663269454 
0.0 0.0 0.0 0.0 0.0 0.0 
-2.464135771132539 -1.1625227645833418 -0.4806477165536665 1.6431118537733698 2.464146252404878 0.0001064922431093525 
0.9940676171300367 0.46924678760104943 0.19396242123929083 -0.6632057434410956 -0.9960494334311494 0.000801604868105587 
